926|1.0
319|0.9
88|0.9
34|0.9
260|0.9
784|0.9
720|0.9
688|0.9
147|0.9
3|0.9
4|0.9
673|0.9
646|0.9
856|0.9
220|0.9
2|0.9
126|0.9
33|0.9
36|0.9
547|0.9
485|0.9
519|0.9
816|0.9
516|0.9
507|0.9
469|0.9
426|0.9
427|0.9
808|0.9
400|0.9
811|0.9
384|0.9
351|0.9
273|0.9
341|0.9
278|0.9
317|0.9
841|0.9
827|0.9
775|0.9
338|0.9
169|0.9
335|0.9
783|0.9
300|0.9
39|0.9
716|0.8
166|0.8
298|0.8
6|0.8
122|0.8
234|0.8
308|0.8
50|0.8
225|0.8
7|0.8
10|0.8
284|0.8
242|0.8
25|0.8
59|0.8
72|0.8
292|0.8
13|0.8
138|0.8
60|0.8
241|0.8
127|0.8
11|0.8
162|0.8
28|0.8
32|0.8
90|0.8
271|0.8
265|0.8
237|0.8
94|0.8
128|0.8
262|0.8
85|0.8
155|0.8
172|0.8
19|0.8
5|0.8
66|0.8
18|0.8
256|0.8
1|0.8
232|0.8
52|0.8
151|0.8
91|0.8
294|0.8
229|0.8
14|0.8
233|0.8
100|0.8
193|0.8
113|0.8
275|0.8
219|0.8
218|0.8
302|0.8
23|0.8
154|0.8
270|0.8
187|0.8
170|0.8
184|0.8
112|0.8
133|0.8
215|0.8
240|0.8
191|0.8
61|0.8
142|0.8
134|0.8
180|0.8
114|0.8
239|0.8
111|0.8
285|0.8
235|0.8
164|0.8
281|0.8
129|0.8
231|0.8
280|0.8
152|0.8
245|0.8
282|0.8
78|0.8
118|0.8
171|0.8
107|0.8
173|0.8
185|0.8
150|0.8
48|0.8
311|0.8
165|0.8
208|0.8
146|0.8
29|0.8
156|0.8
47|0.8
140|0.8
313|0.8
149|0.8
312|0.8
143|0.8
202|0.8
314|0.8
304|0.8
212|0.8
35|0.8
105|0.8
71|0.8
315|0.8
31|0.8
316|0.8
46|0.8
289|0.8
261|0.8
9|0.8
321|0.8
74|0.8
98|0.8
12|0.8
40|0.8
258|0.8
228|0.8
325|0.8
326|0.8
327|0.8
322|0.8
330|0.8
329|0.8
86|0.8
139|0.8
163|0.8
333|0.8
334|0.8
324|0.8
309|0.8
340|0.8
348|0.8
354|0.8
358|0.8
355|0.8
362|0.8
357|0.8
356|0.8
361|0.8
350|0.8
367|0.8
371|0.8
370|0.8
372|0.8
366|0.8
359|0.8
379|0.8
380|0.8
385|0.8
364|0.8
388|0.8
386|0.8
389|0.8
383|0.8
393|0.8
392|0.8
376|0.8
391|0.8
398|0.8
396|0.8
401|0.8
353|0.8
406|0.8
404|0.8
413|0.8
408|0.8
410|0.8
412|0.8
420|0.8
422|0.8
415|0.8
423|0.8
428|0.8
418|0.8
432|0.8
436|0.8
434|0.8
437|0.8
431|0.8
440|0.8
449|0.8
450|0.8
446|0.8
414|0.8
448|0.8
456|0.8
458|0.8
462|0.8
461|0.8
472|0.8
474|0.8
464|0.8
480|0.8
486|0.8
482|0.8
481|0.8
489|0.8
483|0.8
477|0.8
488|0.8
499|0.8
502|0.8
504|0.8
508|0.8
511|0.8
515|0.8
513|0.8
475|0.8
523|0.8
510|0.8
524|0.8
501|0.8
531|0.8
529|0.8
527|0.8
535|0.8
536|0.8
526|0.8
537|0.8
534|0.8
545|0.8
539|0.8
546|0.8
522|0.8
544|0.8
553|0.8
552|0.8
540|0.8
556|0.8
565|0.8
573|0.8
567|0.8
562|0.8
574|0.8
555|0.8
584|0.8
587|0.8
568|0.8
585|0.8
591|0.8
581|0.8
583|0.8
596|0.8
570|0.8
599|0.8
589|0.8
578|0.8
595|0.8
608|0.8
607|0.8
611|0.8
617|0.8
616|0.8
620|0.8
604|0.8
624|0.8
623|0.8
628|0.8
625|0.8
639|0.8
598|0.8
638|0.8
645|0.8
650|0.8
651|0.8
655|0.8
656|0.8
659|0.8
664|0.8
657|0.8
666|0.8
661|0.8
667|0.8
641|0.8
668|0.8
669|0.8
652|0.8
679|0.8
685|0.8
683|0.8
691|0.8
670|0.8
694|0.8
701|0.8
704|0.8
707|0.8
700|0.8
687|0.8
695|0.8
675|0.8
708|0.8
711|0.8
710|0.8
712|0.8
713|0.8
196|0.8
681|0.8
719|0.8
717|0.8
718|0.8
722|0.8
729|0.8
726|0.8
734|0.8
743|0.8
737|0.8
740|0.8
748|0.8
746|0.8
752|0.8
758|0.8
732|0.8
744|0.8
754|0.8
753|0.8
767|0.8
755|0.8
771|0.8
772|0.8
766|0.8
760|0.8
759|0.8
776|0.8
780|0.8
782|0.8
770|0.8
787|0.8
798|0.8
791|0.8
802|0.8
800|0.8
799|0.8
807|0.8
801|0.8
809|0.8
815|0.8
821|0.8
814|0.8
812|0.8
825|0.8
829|0.8
830|0.8
819|0.8
835|0.8
836|0.8
840|0.8
832|0.8
810|0.8
843|0.8
834|0.8
813|0.8
842|0.8
848|0.8
852|0.8
849|0.8
850|0.8
858|0.8
853|0.8
855|0.8
824|0.8
845|0.8
859|0.8
862|0.8
820|0.8
861|0.8
875|0.8
876|0.8
872|0.8
866|0.8
877|0.8
873|0.8
883|0.8
874|0.8
890|0.8
891|0.8
894|0.8
897|0.8
899|0.8
904|0.8
907|0.8
905|0.8
898|0.8
906|0.8
908|0.8
911|0.8
912|0.8
914|0.8
918|0.8
915|0.8
923|0.8
928|0.8
929|0.8
931|0.8
917|0.8
932|0.8
909|0.8
935|0.8
888|0.8
925|0.8
942|0.8
939|0.8
936|0.8
920|0.8
459|0.7
738|0.7
467|0.7
468|0.7
466|0.7
736|0.7
465|0.7
846|0.7
429|0.7
702|0.7
160|0.7
721|0.7
424|0.7
714|0.7
421|0.7
435|0.7
433|0.7
63|0.7
430|0.7
887|0.7
696|0.7
438|0.7
910|0.7
442|0.7
447|0.7
727|0.7
725|0.7
706|0.7
439|0.7
451|0.7
452|0.7
454|0.7
453|0.7
224|0.7
455|0.7
444|0.7
847|0.7
457|0.7
913|0.7
728|0.7
703|0.7
460|0.7
471|0.7
822|0.7
102|0.7
730|0.7
476|0.7
478|0.7
473|0.7
470|0.7
896|0.7
441|0.7
479|0.7
484|0.7
742|0.7
487|0.7
851|0.7
733|0.7
492|0.7
493|0.7
490|0.7
745|0.7
494|0.7
495|0.7
735|0.7
497|0.7
747|0.7
498|0.7
491|0.7
500|0.7
739|0.7
503|0.7
749|0.7
505|0.7
506|0.7
443|0.7
38|0.7
514|0.7
854|0.7
901|0.7
731|0.7
750|0.7
741|0.7
751|0.7
518|0.7
509|0.7
95|0.7
756|0.7
757|0.7
922|0.7
525|0.7
521|0.7
520|0.7
299|0.7
528|0.7
532|0.7
530|0.7
903|0.7
186|0.7
517|0.7
762|0.7
167|0.7
533|0.7
938|0.7
927|0.7
244|0.7
763|0.7
764|0.7
541|0.7
538|0.7
542|0.7
902|0.7
769|0.7
119|0.7
543|0.7
548|0.7
924|0.7
551|0.7
768|0.7
773|0.7
765|0.7
554|0.7
254|0.7
293|0.7
550|0.7
222|0.7
267|0.7
863|0.7
8|0.7
559|0.7
279|0.7
145|0.7
560|0.7
135|0.7
561|0.7
563|0.7
216|0.7
250|0.7
566|0.7
557|0.7
198|0.7
168|0.7
110|0.7
58|0.7
564|0.7
44|0.7
264|0.7
41|0.7
82|0.7
860|0.7
174|0.7
43|0.7
84|0.7
269|0.7
259|0.7
549|0.7
213|0.7
121|0.7
49|0.7
569|0.7
777|0.7
576|0.7
80|0.7
577|0.7
579|0.7
26|0.7
130|0.7
857|0.7
864|0.7
56|0.7
15|0.7
207|0.7
575|0.7
161|0.7
148|0.7
125|0.7
83|0.7
272|0.7
865|0.7
54|0.7
16|0.7
588|0.7
779|0.7
92|0.7
70|0.7
586|0.7
295|0.7
214|0.7
192|0.7
582|0.7
307|0.7
297|0.7
786|0.7
210|0.7
592|0.7
580|0.7
590|0.7
123|0.7
158|0.7
593|0.7
867|0.7
296|0.7
243|0.7
788|0.7
77|0.7
789|0.7
790|0.7
940|0.7
101|0.7
594|0.7
597|0.7
200|0.7
69|0.7
104|0.7
602|0.7
144|0.7
600|0.7
605|0.7
603|0.7
177|0.7
203|0.7
21|0.7
197|0.7
606|0.7
236|0.7
263|0.7
109|0.7
64|0.7
794|0.7
781|0.7
117|0.7
65|0.7
137|0.7
257|0.7
610|0.7
796|0.7
96|0.7
116|0.7
73|0.7
221|0.7
795|0.7
618|0.7
614|0.7
182|0.7
45|0.7
131|0.7
230|0.7
189|0.7
615|0.7
793|0.7
288|0.7
870|0.7
217|0.7
79|0.7
75|0.7
571|0.7
619|0.7
613|0.7
283|0.7
621|0.7
871|0.7
226|0.7
306|0.7
900|0.7
612|0.7
627|0.7
274|0.7
188|0.7
943|0.7
804|0.7
803|0.7
629|0.7
223|0.7
205|0.7
248|0.7
93|0.7
159|0.7
633|0.7
632|0.7
631|0.7
37|0.7
141|0.7
195|0.7
108|0.7
634|0.7
255|0.7
89|0.7
286|0.7
190|0.7
24|0.7
17|0.7
630|0.7
53|0.7
124|0.7
642|0.7
176|0.7
106|0.7
637|0.7
153|0.7
57|0.7
640|0.7
626|0.7
277|0.7
76|0.7
643|0.7
136|0.7
179|0.7
20|0.7
792|0.7
42|0.7
227|0.7
252|0.7
916|0.7
310|0.7
635|0.7
87|0.7
644|0.7
81|0.7
636|0.7
51|0.7
204|0.7
805|0.7
648|0.7
647|0.7
103|0.7
318|0.7
30|0.7
120|0.7
806|0.7
930|0.7
209|0.7
654|0.7
251|0.7
653|0.7
247|0.7
797|0.7
266|0.7
238|0.7
178|0.7
323|0.7
67|0.7
211|0.7
658|0.7
941|0.7
660|0.7
937|0.7
291|0.7
663|0.7
320|0.7
880|0.7
817|0.7
183|0.7
328|0.7
665|0.7
878|0.7
27|0.7
331|0.7
332|0.7
818|0.7
662|0.7
99|0.7
881|0.7
823|0.7
194|0.7
249|0.7
132|0.7
246|0.7
287|0.7
201|0.7
339|0.7
879|0.7
342|0.7
276|0.7
181|0.7
343|0.7
344|0.7
345|0.7
346|0.7
347|0.7
157|0.7
349|0.7
674|0.7
62|0.7
97|0.7
677|0.7
352|0.7
360|0.7
363|0.7
682|0.7
934|0.7
684|0.7
305|0.7
882|0.7
365|0.7
826|0.7
672|0.7
368|0.7
692|0.7
373|0.7
690|0.7
374|0.7
689|0.7
337|0.7
378|0.7
686|0.7
377|0.7
375|0.7
693|0.7
303|0.7
697|0.7
381|0.7
698|0.7
382|0.7
387|0.7
831|0.7
369|0.7
884|0.7
705|0.7
828|0.7
390|0.7
699|0.7
253|0.7
886|0.7
394|0.7
833|0.7
885|0.7
397|0.7
399|0.7
115|0.7
838|0.7
402|0.7
290|0.7
395|0.7
839|0.7
403|0.7
301|0.7
709|0.7
407|0.7
409|0.7
889|0.7
919|0.7
416|0.7
892|0.7
411|0.7
417|0.7
844|0.7
921|0.7
893|0.7
425|0.7
419|0.7
445|0.6
837|0.6
199|0.6
761|0.6
68|0.6
678|0.6
676|0.6
268|0.6
778|0.6
512|0.6
206|0.6
785|0.6
622|0.6
463|0.6
868|0.6
558|0.6
22|0.6
671|0.6
774|0.6
609|0.6
715|0.6
933|0.6
496|0.6
895|0.6
336|0.6
724|0.6
572|0.6
601|0.6
680|0.6
723|0.6
405|0.6
869|0.6
175|0.6
649|0.6
55|0.4
